 0  6  3  7 -1 -1  8 -1 -1 -1  6 -1 -1 -1 -1 -1  6  9 -1  6 
 4  0  4 -1 -1 -1 -1  9  6 -1 -1 -1 -1 -1 -1  2  2 -1  1  2 
 8  5  0  3  7 -1 -1 -1 -1  5 -1 -1 -1 -1 -1  3 -1  5 -1  9 
 7 -1  7  0  3 -1  5 -1 -1 -1 -1 -1 -1 -1 -1  5 -1 -1 -1 -1 
-1 -1  7  8  0  3 -1 -1 -1 -1 -1  9 -1 -1 -1 -1 -1  6 -1  6 
-1 -1 -1 -1  9  0  8 -1 -1 -1  3 -1 -1 -1 -1 -1 -1  7 -1 -1 
 4 -1 -1  8 -1  7  0  6 -1  5 -1 -1 -1 -1 -1 -1  2  1 -1  7 
-1  8 -1 -1 -1 -1  8  0  8 -1 -1 -1 -1 -1 -1 -1  6  3 -1  6 
-1  3 -1 -1 -1 -1 -1  7  0  6 -1 -1 -1 -1  3 -1  3 -1 -1  2 
-1 -1  1 -1 -1 -1  6 -1  3  0  9 -1 -1 -1  8 -1  3  2 -1  9 
 2 -1 -1 -1 -1  8 -1 -1 -1  8  0  7 -1  3 -1  6 -1  4 -1 -1 
-1 -1 -1 -1  4 -1 -1 -1 -1 -1  8  0  3 -1 -1 -1 -1 -1 -1  6 
-1 -1 -1 -1 -1 -1 -1 -1 -1 -1 -1  5  0  5 -1 -1 -1 -1 -1 -1 
-1 -1 -1 -1 -1 -1 -1 -1 -1 -1  6 -1  3  0  1 -1 -1 -1  1  7 
-1 -1 -1 -1 -1 -1 -1 -1  9  6 -1 -1 -1  4  0  4 -1 -1  3 -1 
-1  2  3  5 -1 -1 -1 -1 -1 -1  6 -1 -1 -1  4  0 -1 -1 -1 -1 
 6  2 -1 -1 -1 -1  2  6  3  3 -1 -1 -1 -1 -1 -1  0 -1  2 -1 
 9 -1  5 -1  6  7  1  3 -1  2  4 -1 -1 -1 -1 -1 -1  0  4 -1 
-1  1 -1 -1 -1 -1 -1 -1 -1 -1 -1 -1 -1  1  3 -1  2  4  0 -1 
 6  2  9 -1  6 -1  7  6  2  9 -1  6 -1  7 -1 -1 -1 -1 -1  0
